3
1
3
0.0
1.6234755327922702E7
2899641.4707638947
1.6234755327922702E7
0.0
782371.3921400324
2899641.4707638947
782371.3921400324
0.0
1.0161755081891828
3.117928857863001
0
1.3752781830379064
-58.57670209354247
10000
782371.3921400324
1.4753727668952628
0.7987875848885235
-58.57670209354247
7548
1.887620110673689
1.1059439390598542
-18.363198102863606
1481
1.7426506748250947
1.1476026478835568
62.08298301880963
971
54
0.04201259852126931,0.31017659628451427,0.09412774760759669,0.17077565972408354,0.08261595639962188,0.20232216435418593,0.08418278046401619,0.07328611929430523,0.12270097227872864,0.24596630259326738,0.31265593769115807,0.133319793792001,0.28861642355208134,0.0,0.0,0.0,0.0,0.02235620674439203,0.0,0.0,0.0,0.0,0.01,0.029987996398439146,0.02235620674439203,0.29894530742208175,0.04119805490521121,0.0,0.0,0.18429421161730383,0.014141428428549924,0.0,0.12115881291014112,0.2053275576745461,0.03462195644366157,0.16354334178579158,0.3209590962632893,0.18629941155858412,0.0,0.026449573871724277,0.026449573871724277,0.0,0.4996406749659279,0.10336550896137592,0.10616575303134092,0.14991079789238823,0.13439957709990186,0.0,0.017318775765030273,0.0,0.0,0.11995115184058379,0.0885345911911482,0.11749630010367904
0.7887033955417301,0.3819083333333323,0.18897727272727247,0.21584566929134075,0.07456938435940164,0.5943614865814242,0.8432559055118001,0.8784933070865987,0.5577122047244125,0.4305802593057297,0.8902,0.0181,0.0917,0.0,0.0,0.0,0.0,5.0E-4,0.0,0.0,0.0,0.0,1.0E-4,9.0E-4,5.0E-4,0.0992,0.0017,0.0,0.0,0.0352,2.0E-4,0.0,0.0149,0.0441,0.0012,0.0275,0.1166,0.036,0.0,7.0E-4,7.0E-4,0.0,0.5196,0.0108,0.0114,0.023,0.0184,0.0,3.0E-4,0.0,0.0,0.0146,0.0079,0.014
0.7834932979819059,0.36659159159159016,0.19305936952995764,0.21819790231092048,0.07830285507196616,0.640833292938029,0.8456795146234541,0.8755471543799256,0.5514179070223588,0.46651426686853636,1.0,0.0,0.0,0.0,0.0,0.0,0.0,0.0,0.0,0.0,0.0,0.0,0.0,0.0,0.0,0.13142554319024907,0.0,0.0,0.0,0.0,0.0,0.0,0.0,0.018282988871224166,0.0,0.0,0.12996820349761526,0.032061473237943824,0.0,0.0,0.0,0.0,0.6882617912029677,0.0,0.0,0.0,0.0,0.0,0.0,0.0,0.0,0.0,0.0,0.0
0.7999101457584937,0.38993923024983157,0.15452294723057602,0.19940337087721016,0.049555040496314574,0.5685466330723561,0.8485674182692101,0.8915528452258795,0.5694678526426536,0.3731000216224601,0.9135719108710331,0.008777852802160702,0.07765023632680622,0.0,0.0,0.0,0.0,0.0,0.0,0.0,0.0,0.0,6.752194463200541E-4,0.0,0.0,0.0,0.0,0.0,0.0,0.237677245104659,0.0,0.0,0.10060769750168805,0.20459149223497636,0.0,0.14719783929777178,0.0,0.0,0.0,0.0,0.0,0.0,0.0,0.07292370020256583,0.0,0.0,0.0,0.0,0.0,0.0,0.0,0.09047940580688724,0.05131667792032411,0.09453072248480757
0.8121108304650324,0.48872296601441834,0.2097962113410106,0.22263906694277166,0.08370018386794426,0.27248981167645636,0.8163148633197415,0.8814761954961703,0.5887103967822768,0.2389204682911644,0.0010298661174047373,0.17301750772399588,0.8259526261585994,0.0,0.0,0.0,0.0,0.005149330587023687,0.0,0.0,0.0,0.0,0.0,0.009268795056642637,0.005149330587023687,0.0,0.017507723995880537,0.0,0.0,0.0,0.0020597322348094747,0.0,0.0,0.0,0.012358393408856848,0.05870236869207003,0.19052523171987643,0.121524201853759,0.0,0.007209062821833162,0.007209062821833162,0.0,0.0010298661174047373,0.0,0.11740473738414006,0.2368692070030896,0.18949536560247168,0.0,0.003089598352214212,0.0,0.0,0.012358393408856848,0.003089598352214212,0.0
0.039540055576134804,0.3041965468338626,0.09163749171018219,0.16738017187332443,0.07994398811403515,0.16574602473736688,0.0812716122194092,0.07552879397135664,0.12056427505721772,0.24887895759704246,0.0,0.0,0.0,0.0,0.0,0.0,0.0,0.0,0.0,0.0,0.0,0.0,0.0,0.0,0.0,0.33788754842842283,0.0,0.0,0.0,0.0,0.0,0.0,0.0,0.13398171311125728,0.0,0.0,0.33629072622740214,0.1761750470631057,0.0,0.0,0.0,0.0,0.46323420370391,0.0,0.0,0.0,0.0,0.0,0.0,0.0,0.0,0.0,0.0,0.0
0.04779313961433832,0.3099002324065223,0.09503635884366114,0.1896224659804218,0.08076596104350695,0.20826588501393067,0.08264449727476045,0.05927842909580633,0.11324173585500444,0.21486643913395753,0.28109006514635343,0.09330959769864901,0.26771079446784785,0.0,0.0,0.0,0.0,0.0,0.0,0.0,0.0,0.0,0.025984985016737145,0.0,0.0,0.0,0.0,0.0,0.0,0.425804175365733,0.0,0.0,0.3009101655835496,0.4035390548874556,0.0,0.3544227044092035,0.0,0.0,0.0,0.0,0.0,0.0,0.0,0.26009904607476353,0.0,0.0,0.0,0.0,0.0,0.0,0.0,0.2869642595010711,0.22071739984260563,0.2926644823418279
0.03992538796394039,0.33452848142366703,0.09919317996514877,0.16520395091724074,0.09763623708420514,0.14320738322971907,0.1021034520084161,0.07267505824468525,0.1451027990811281,0.13933268334659926,0.032091527190284,0.3784573389764326,0.3793456028652491,0.0,0.0,0.0,0.0,0.07161072708810816,0.0,0.0,0.0,0.0,0.0,0.09587675101958966,0.07161072708810816,0.0,0.13122094648320629,0.0,0.0,0.0,0.045360873002135406,0.0,0.0,0.0,0.11053617814760043,0.23518793753816472,0.3929177560539836,0.32690385134151273,0.0,0.08464319630464803,0.08464319630464803,0.0,0.032091527190284,0.0,0.32206783549113754,0.42538046328629053,0.3921035692251714,0.0,0.055526822764618525,0.0,0.0,0.11053617814760043,0.055526822764618525,0.0
2
3
0.0
2670631.646252428
972213.5094630996
2670631.646252428
0.0
2.1198643232520808E7
972213.5094630996
2.1198643232520808E7
0.0
1.0670917042407462
3.2288798999532315
1
1.3845972584492956
-53.91295401529567
10000
972213.5094630996
1.844282641503936
1.1247497731492562
36.482011482128556
1025
1.4405818069114125
0.9906995986780195
-53.91295401529567
6125
2.1742915883521894
0.5230887270202338
-22.27403301112396
2850
54
0.04403074149094019,0.2925063039384044,0.11266364397721118,0.11232979336653036,0.06157662417377539,0.26775366924223565,0.09105766407524116,0.0642554247117102,0.11608758710095793,0.2451751824559661,0.30345089923218954,0.08097589585531584,0.29184330941744263,0.044678849805719,0.0,0.017318775765030273,0.03462195644366157,0.044678849805719,0.0,0.026449573871724277,0.0,0.01,0.029987996398439146,0.08963924095702694,0.0815829368039528,0.3760902742553162,0.0912703293918825,0.0,0.0,0.20797171736445885,0.026449573871724277,0.24025720041704313,0.03603387078825141,0.1666877874406166,0.0,0.07328967961257418,0.12115881291014112,0.14895277336414145,0.01,0.04354973774853066,0.02235620674439203,0.024488772325231,0.4932714482636991,0.3501923092607068,0.09801464526828992,0.1576459172434299,0.13439957709990186,0.03462195644366157,0.01,0.014141428428549924,0.0,0.026449573871724277,0.017318775765030273,0.017318775765030273
0.7270531881804042,0.37047638888888834,0.18818181818181692,0.13532168933428876,0.04396738768718813,0.4362570465083592,0.8592996062991966,0.8811661417322655,0.5389614173228398,0.6358778753659556,0.8974,0.0066,0.094,0.002,0.0,3.0E-4,0.0012,0.002,0.0,7.0E-4,0.0,1.0E-4,9.0E-4,0.0081,0.0067,0.1705,0.0084,0.0,0.0,0.0453,7.0E-4,0.0615,0.0013,0.0286,0.0,0.0054,0.0149,0.0227,1.0E-4,0.0019,5.0E-4,6.0E-4,0.4181,0.1431,0.0097,0.0255,0.0184,0.0012,1.0E-4,2.0E-4,0.0,7.0E-4,3.0E-4,3.0E-4
0.7652874609617001,0.4470542005420053,0.22870657797487032,0.2299065942699511,0.09906253804634566,0.24783160896102438,0.8254618782408354,0.8891300172844331,0.5794814672556169,0.21675415599827252,0.04,0.06439024390243903,0.8760975609756098,0.01951219512195122,0.0,0.002926829268292683,0.011707317073170732,0.01951219512195122,0.0,0.006829268292682927,0.0,0.0,0.0,0.07902439024390244,0.06536585365853659,0.0,0.08195121951219513,0.0,0.0,0.0,0.006829268292682927,0.0,0.0,0.0,0.0,0.05268292682926829,0.07414634146341463,0.0224390243902439,9.75609756097561E-4,0.018536585365853658,0.004878048780487805,0.005853658536585366,9.75609756097561E-4,0.0,0.09463414634146342,0.24390243902439024,0.1795121951219512,0.011707317073170732,9.75609756097561E-4,0.001951219512195122,0.0,0.006829268292682927,0.002926829268292683,0.002926829268292683
0.7086797642851845,0.34615102040816265,0.16998144712430277,0.12006883555140217,0.03767679717477694,0.37400987001516767,0.87802410412982,0.890527398360894,0.5284698698377084,0.7422621679370203,1.0,0.0,0.0,0.0,0.0,0.0,0.0,0.0,0.0,0.0,0.0,1.6326530612244898E-4,0.0014693877551020407,0.0,0.0,0.2783673469387755,0.0,0.0,0.0,0.07330612244897959,0.0,0.10040816326530612,0.0019591836734693877,0.045714285714285714,0.0,0.0,0.008979591836734694,0.02873469387755102,0.0,0.0,0.0,0.0,0.22791836734693877,0.2329795918367347,0.0,0.0,0.0,0.0,0.0,0.0,0.0,0.0,0.0,0.0
0.7527890098496647,0.39521345029239713,0.21272195640616584,0.13408456718029804,0.03767171672942745,0.6378009165107509,0.831228070175425,0.8581834507528548,0.5469360408896234,0.5579824439112554,0.9852631578947368,0.0,0.014736842105263158,0.0,0.0,0.0,0.0,0.0,0.0,0.0,0.0,0.0,0.0,0.0,0.0,0.0,0.0,0.0,0.0,0.0014035087719298245,0.0,0.0,3.508771929824561E-4,0.002105263157894737,0.0,0.0,0.00631578947368421,0.009824561403508772,0.0,0.0,0.0,0.0,0.9768421052631578,0.0014035087719298245,0.0,0.0017543859649122807,0.0,0.0,0.0,0.0,0.0,0.0,0.0,0.0
0.05204410183507307,0.29921994933150875,0.11332998123397398,0.1723780740393696,0.11675385713168324,0.15100621147506,0.1089433689047261,0.08045718401286342,0.15222475057288035,0.11111127332964314,0.19605483926697653,0.24556663568362785,0.3296310529934353,0.13838407581446788,0.0,0.05404732005269131,0.10761763274690993,0.13838407581446788,0.0,0.08239692378226561,0.0,0.0,0.0,0.26990852108834495,0.24729096247528176,0.0,0.2744242865061149,0.0,0.0,0.0,0.08239692378226561,0.0,0.0,0.0,0.0,0.22350877786003798,0.26213679867487544,0.14817872983532338,0.031234752377721213,0.13494720060534607,0.06970648393398583,0.07632218694136192,0.031234752377721213,0.0,0.29285183134471127,0.4296441912764107,0.38396797059002774,0.10761763274690993,0.031234752377721213,0.04415103650414386,0.0,0.08239692378226561,0.05404732005269131,0.05404732005269131
0.034202442141464735,0.2664855597727886,0.11086991433567785,0.0944767898180626,0.04930978859435874,0.23367075175484778,0.0713778671710622,0.05078208721886413,0.10911156130272852,0.17450204150117032,0.0,0.0,0.0,0.0,0.0,0.0,0.0,0.0,0.0,0.0,0.0,0.012777531299998798,0.03830754809928261,0.0,0.0,0.44823182508442583,0.0,0.0,0.0,0.26065960113717573,0.0,0.30056798496273446,0.044222896388374115,0.2088818166443035,0.0,0.0,0.09434199433790395,0.16707354237769306,0.0,0.0,0.0,0.0,0.41952392055633,0.42276386070151284,0.0,0.0,0.0,0.0,0.0,0.0,0.0,0.0,0.0,0.0
0.03744134235324408,0.33386190335495786,0.10772337816905403,0.10343108798576635,0.04432507528889631,0.2535978431114232,0.10921995204015542,0.07668754044988861,0.11174400398500177,0.2178867405035836,0.1205187288285441,0.0,0.12051872882854436,0.0,0.0,0.0,0.0,0.0,0.0,0.0,0.0,0.0,0.0,0.0,0.0,0.0,0.0,0.0,0.0,0.037443702751131416,0.0,0.0,0.01873171623163388,0.0458428665918471,0.0,0.0,0.07923448188893761,0.09864813197410409,0.0,0.0,0.0,0.0,0.1504312030134479,0.037443702751131416,0.0,0.04185597692748771,0.0,0.0,0.0,0.0,0.0,0.0,0.0,0.0
3
3
0.0
1180586.8215938413
1946374.4138171386
1180586.8215938413
0.0
1.5190506538663508E7
1946374.4138171386
1.5190506538663508E7
0.0
1.0710544794403138
3.264703809072108
2
1.406939863712684
-47.72206496361356
10000
1180586.8215938413
1.8577639453594237
0.9047710577565187
123.37849096487334
919
1.5871882553486985
0.5011602014627706
-31.539872415303755
4115
1.8527836384577154
0.9998522903216479
-47.72206496361356
4966
54
0.04505516658612893,0.33234330950535357,0.13616343740483847,0.09605750549943401,0.09938268765557252,0.06198606465555336,0.18020437406014003,0.12655425063831285,0.2508532921808901,0.0498755281303767,0.0,0.0,0.29746468449860125,0.29746468449860125,0.3612541493963019,0.2669218700827507,0.20510535541687366,0.22364516922163022,0.24881820883951603,0.3545219437226109,0.0,0.0,0.0,0.492969179423203,0.11241629660495954,0.0,0.06390303873710532,0.0698317810725516,0.0,0.02235620674439203,0.13368076546274513,0.0,0.0,0.014141428428549924,0.0,0.0,0.0,0.0,0.0,0.0,0.0,0.0,0.0,0.0,0.0,0.02235620674439203,0.02235620674439203,0.0,0.0,0.0,0.0,0.0,0.0,0.0
0.5715800414722642,0.5245600000000002,0.37780151515151605,0.14449942734431073,0.11940948419301196,0.08427576225937919,0.736438582677159,0.803367716535428,0.5579555118110223,0.08641099958176442,0.0,0.0,0.0981,0.9019,0.1543,0.0772,0.044,0.0528,0.0663,0.1474,0.0,0.0,0.0,0.4163,0.0128,0.0,0.0041,0.0049,0.0,5.0E-4,0.0182,0.0,0.0,2.0E-4,0.0,0.0,0.0,0.0,0.0,0.0,0.0,0.0,0.0,0.0,0.0,5.0E-4,5.0E-4,0.0,0.0,0.0,0.0,0.0,0.0,0.0
0.6680814169615468,0.44217446499818697,0.2694793418406041,0.16915619744781854,0.09239044827355228,0.18319054913498523,0.8668057542861607,0.9132444543452808,0.5406167265000474,0.16383557795244452,0.0,0.0,0.9619151251360174,0.03808487486398259,0.0,0.2100108813928183,0.03917301414581066,0.4940152339499456,0.0,0.0,0.0,0.0,0.0,0.05223068552774755,0.13928182807399347,0.0,0.04461371055495103,0.0,0.0,0.00544069640914037,0.002176278563656148,0.0,0.0,0.002176278563656148,0.0,0.0,0.0,0.0,0.0,0.0,0.0,0.0,0.0,0.0,0.0,0.00544069640914037,0.00544069640914037,0.0,0.0,0.0,0.0,0.0,0.0,0.0
0.564382479605586,0.6354779262859463,0.4374756066129092,0.13320350586354598,0.1336347076460256,0.07760539812688187,0.6058150993580251,0.7499028903282605,0.6457850575482412,0.07924661452364765,0.0,0.0,0.015795868772782502,0.9842041312272175,0.0,0.0,0.0,0.0,0.0,0.0,0.0,0.0,0.0,1.0,0.0,0.0,0.0,0.0,0.0,0.0,0.0,0.0,0.0,0.0,0.0,0.0,0.0,0.0,0.0,0.0,0.0,0.0,0.0,0.0,0.0,0.0,0.0,0.0,0.0,0.0,0.0,0.0,0.0,0.0
0.5596858012400309,0.4478956906967376,0.3483994190800492,0.1492966776802397,0.11262206967445221,0.0714980456396741,0.8205521958768294,0.8273369146415978,0.48838558893388384,0.07801958939076471,0.0,0.0,0.00644381796214257,0.9935561820378574,0.310712847362062,0.11659283125251711,0.08135320177204994,0.014901329037454692,0.13350785340314136,0.2968183648811921,0.0,0.0,0.0,0.0,0.0,0.0,0.0,0.00986709625453081,0.0,0.0,0.03624647603705195,0.0,0.0,0.0,0.0,0.0,0.0,0.0,0.0,0.0,0.0,0.0,0.0,0.0,0.0,0.0,0.0,0.0,0.0,0.0,0.0,0.0,0.0,0.0
0.025678324796254613,0.19391131239287304,0.12268731861827294,0.10840498743300683,0.08892063736526844,0.09346540702155165,0.10125542086893333,0.07820178330182498,0.17872702529133078,0.08107227007579021,0.0,0.0,0.19150541491846737,0.19150541491846737,0.0,0.407537773609396,0.19411205434320855,0.5002364188193497,0.0,0.0,0.0,0.0,0.0,0.2226130397407156,0.3464289123218717,0.0,0.20656659465006325,0.0,0.0,0.07360020156884206,0.046625185145364616,0.0,0.0,0.046625185145364616,0.0,0.0,0.0,0.0,0.0,0.0,0.0,0.0,0.0,0.0,0.0,0.07360020156884206,0.07360020156884206,0.0,0.0,0.0,0.0,0.0,0.0,0.0
0.031114061103088213,0.37261783153177613,0.11364533393413419,0.08831540268134258,0.10311380905715825,0.049956397682763026,0.14447940536927253,0.11873762742691372,0.22456759200162646,0.036428789566040405,0.0,0.0,0.12470019323928767,0.12470019323928756,0.0,0.0,0.0,0.0,0.0,0.0,0.0,0.0,0.0,0.0,0.0,0.0,0.0,0.0,0.0,0.0,0.0,0.0,0.0,0.0,0.0,0.0,0.0,0.0,0.0,0.0,0.0,0.0,0.0,0.0,0.0,0.0,0.0,0.0,0.0,0.0,0.0,0.0,0.0,0.0
0.035439148272771726,0.2882865330339166,0.1336641399160444,0.09851623319191678,0.0962818216304648,0.04520703384890885,0.14779263233727755,0.11942901535277702,0.2602812383014272,0.038370712617200944,0.0,0.0,0.08002240097401357,0.08002240097401325,0.4628320536362838,0.3209668019541197,0.27340429892655127,0.12117027680962239,0.3401570317996124,0.45690180658325025,0.0,0.0,0.0,0.0,0.0,0.0,0.0,0.0988519316322019,0.0,0.0,0.18692165416623033,0.0,0.0,0.0,0.0,0.0,0.0,0.0,0.0,0.0,0.0,0.0,0.0,0.0,0.0,0.0,0.0,0.0,0.0,0.0,0.0,0.0,0.0,0.0
1
2
3
