2
0
3
0.0
8.990396101636076E9
1.0847776644663094E10
8.990396101636076E9
0.0
1.9713101504253073E9
1.0847776644663094E10
1.9713101504253073E9
0.0
0.03173445547693953
0.07927356669000747
0
0.017632338880659095
-1477076.8236351602
5009
1.9713101504253073E9
0.07818856210489482
0.039093455217563744
-625957.658159791
1936
0.05511897292251682
0.021291265623438468
-1432911.5866112395
1536
0.05308329455395925
0.021170180962246776
-1477076.8236351602
1537
4
0.02075779129885935,0.022595631763760768,0.011059254738665869,0.011940548678397035
0.8576821053357265,0.8926470161720986,0.4608191931724565,0.5311071049519566
0.8569972258509737,0.8918789689491277,0.46051225194287665,0.5309519740847806
0.8563107173677517,0.9087882672507792,0.4568058293975144,0.5254175008999445
0.8599152729357856,0.877483696566906,0.4652165679146669,0.5369884095601174
0.021254329392199275,0.02612027035261536,0.016430525121785756,0.01693405861965509
0.020370530987075995,0.012685423941033822,0.003428797794012281,0.004222795853440886
0.020337705289484496,0.01236825071745518,0.003370279395185661,0.0043326126182606246
1
3
0.0
3.1927472313130947E12
1.1256685467457234E13
3.1927472313130947E12
0.0
6.483319372710821E12
1.1256685467457234E13
6.483319372710821E12
0.0
0.024850060579886226
0.05096846126545198
1
3.834225642765512E-4
-5838945.510358043
4991
3.1927472313130947E12
0.049917193738186934
0.018940313708798284
-4357795.374836676
1847
0.04905267586193631
0.009922424751927283
-1393808.0744066015
580
0.05069599201064881
0.03247499671871935
-5838945.510358043
2564
4
0.020295327034699745,0.014450885920963656,0.010073003285065763,0.010020876869415234
0.9486195524276934,0.5224644814043247,0.674008868309028,0.3342573162856511
0.9489915095281697,0.5225129182441693,0.6739505831533597,0.3343113300929251
0.9485812399193269,0.5221285229051369,0.6740701981990972,0.33438302762374406
0.9483602764878621,0.5225055863521936,0.6740369811585909,0.3341899699213262
0.020805096655598092,0.008572289631611442,0.0025722708349698443,0.0024392857677681835
0.015303501757667672,9.54772880413394E-4,3.6854466403466775E-4,3.874388760054073E-4
0.020907136393000687,0.01879929268426195,0.013883313329590398,0.013826705703523979
0
1
